0[Main]
name = 10x10_chong_thickness0.4cm
description = 10x10cm square LSC with apt tubing PFA high purity(0.75 mm ID 1/16" OD) four channels

[LSC]
thickness = 0.004
width = 0.1
length = 0.1

[Channels]
capillaries = [((0.0125, 1e-06, 0.002), 1, 0.099998, 0.0015875, 0.00075, 'Capillary0'), ((0.0375, 1e-06, 0.002), 1, 0.099998, 0.0015875, 0.00075, 'Capillary1'), ((0.0625, 1e-06, 0.002), 1, 0.099998, 0.0015875, 0.00075, 'Capillary2'), ((0.08750000000000001, 1e-06, 0.002), 1, 0.099998, 0.0015875, 0.00075, 'Capillary3')]

