[Main]
name = 20x20_chong_thickness0.3cm_WE
description = 20x20cm square LSC with apt tubing PFA high purity(0.75 mm ID 1/16" OD) eight channels

[LSC]
thickness = 0.003
width = 0.1
length = 0.1

[Channels]
capillaries = [((1e-06, 0.0125, 0.0015), 0, 0.099998, 0.0015875, 0.00075, 'Capillary0'), ((1e-06, 0.0375, 0.0015), 0, 0.099998, 0.0015875, 0.00075, 'Capillary1'), ((1e-06, 0.0625, 0.0015), 0, 0.099998, 0.0015875, 0.00075, 'Capillary2'), ((1e-06, 0.08750000000000001, 0.0015), 0, 0.099998, 0.0015875, 0.00075, 'Capillary3')]

