[Main]
name = 30x30_chong_thickness0.3cm
description = 30x30cm square LSC with apt tubing PFA high purity(0.75 mm ID 1/16" OD) twelve channels

[LSC]
thickness = 0.003
width = 0.3
length = 0.3

[Channels]
capillaries = [((0.0125, 1e-06, 0.0015), 1, 0.299998, 0.0015875, 0.00075, 'Capillary0'), ((0.0375, 1e-06, 0.0015), 1, 0.299998, 0.0015875, 0.00075, 'Capillary1'), ((0.0625, 1e-06, 0.0015), 1, 0.299998, 0.0015875, 0.00075, 'Capillary2'), ((0.08750000000000001, 1e-06, 0.0015), 1, 0.299998, 0.0015875, 0.00075, 'Capillary3'), ((0.1125, 1e-06, 0.0015), 1, 0.299998, 0.0015875, 0.00075, 'Capillary4'), ((0.1375, 1e-06, 0.0015), 1, 0.299998, 0.0015875, 0.00075, 'Capillary5'), ((0.1625, 1e-06, 0.0015), 1, 0.299998, 0.0015875, 0.00075, 'Capillary6'), ((0.1875, 1e-06, 0.0015), 1, 0.299998, 0.0015875, 0.00075, 'Capillary7'), ((0.2125, 1e-06, 0.0015), 1, 0.299998, 0.0015875, 0.00075, 'Capillary8'), ((0.23750000000000002, 1e-06, 0.0015), 1, 0.299998, 0.0015875, 0.00075, 'Capillary9'), ((0.2625, 1e-06, 0.0015), 1, 0.299998, 0.0015875, 0.00075, 'Capillary10'), ((0.28750000000000003, 1e-06, 0.0015), 1, 0.299998, 0.0015875, 0.00075, 'Capillary11')]

